INDEX Locoaaa aaoaaal’fflcus.

Populiana comitatus, 46.

4499944 monasterium, 292, 269, 662, 666.

4999499. vid. 4994499.

Parta Gallica siva 4994999449, 264 94 994. 4.

Portae 69444999 portus, 667.

Ρ9949949, 949.

Particum, 69.

Partim 9499 Porcina, 69 94994. 9.

Portis (robora (49), 629.

Portas 999949, 949.

Partus Fontis, 449, 424.

Portas 44999449 , 24 .

Portas 44999964, 666.

Portas Venaria, 49, 22.

Portas Veteris, ⁴⁴9, 424.

Fauianam, 62.

Pam, 5⁴5.

2999499949, 69.

Prata, 266.

Prata 99 Paula, 649.

46949449, 266.

batilianum, 24.

Pratum, 446. ‹

Pratum 4999999, 269.

Pratum Rotundum, 268.

Pramum, 499.

4999499, siva 46996499, 9499 4694499, aiva Pro·
9499, 467, 466, 262, 269 94 994. 2, 264, 266,
266, 267, 269, 294, 292,294, 799, 792 94
994. 4.

9994499999, 699.

ansanum, 449.

Pretorium. Vid. Ρ949994994.

Primam'pacam, 946.

Primulo, 627.

Provida, mala. vid. Proaa'aa.

49999999, 96.

Provincia, 664, 662, 666, 664.

Pruna, 426, 649, 669, 664.

Ρ964949, 26.

4646449499, 9.

49644944 castrum, 26.

Paua. Voy. Apulia.

Pnjanallam, 446.

49449999 seu Flavianum, 496, 499 94 994. 94.

Ρ9449994994, 66.

4944949999, 4944949999, Ρ944999999, 4994 94
videtur 49 amandiani, 64, 49, 62.

annana· 999949, 624.

499994 444 ysopo, 26.

999994 4499949999, 26.

Pupiniam, 64.

4994999, 894.

Pauus, 499.

9994449999, 96.

Patalam, 666.

Ρ99999ι, 62.

oneratum, 94, 49.

0999949, 446.

44969 fluvius, 646.

44969449, 99.

4496949, 699.

4969969994 999 9969949999, 499, 767.

4499969996 9499 44996999, 676, 626.

49499994, 676.

99999, 94.

4494449949, 64.

6999949999, 426, 499, 492, 794, 994. ⁴.

4494449999, 464.

9949999999 sau 9994999499, 69 94 994. d.

4499494999, 69.

4499999499 siva 99999νί99 castrum, 666 94
994. 9.

4499996994, 692, 699.

449449949949944 monasterium, 246.

Romala monasterium, 969.

4499949, 996.

9996994999 grangia, 466.

Raparia⁸ castrum, 94.

449969, 666.

Rapido, 24.

4499499449, 496.

9994449999999, 69.

Rama, 699.

9999999499. vid. flafaynaolam.

69994949, 64.

4499494449949, 649.

44946 seu 44969, 646.

4494496999, 646, 646 94 994. 4,-669, 994, 996.

44999, 49.

4499944949, 94, 994. 4.

44999999, 6, 46, 46, 469, 994. 4, 247, 994. 4,
649, 642, 994. 2, 666, 666 94 994. 4, 669,
664, 666 94994. 2, 666, 667, 666, 649, 644,

. 994. 4, 966, 994. 4.

69999999 exarchatus, 969.
hammaim 4494999999, 794, 679. vid. 449-

 

