1034 lxbux Nolllrllllu

9466666 96446 446646, 934 .

9466666 4646664666, 934.

94666466, 64646 Senensis, 496.

9494646 4644664666, 934.

94664666 7466644466, 939.

9466446, 927.

9444696 Busiris· , 927.

644466 96 Davara seu 4466646, ustis, 663.

9466664 Lupo, camerlengo, 29, 664. l.

94666664 9666666, 939.

64666966, abbas 6666664666 S. 4666646, 93.

94666966, bisuntinus archiepiscopus. 749. 96-
666966.

airardus, Tridentinus 6646666666. 447, 429.

94666966 96 4466466666, 299.

94666966 Amullius, 466446, 993.

94666966 Peisius, 466446, 393.

9466446666 96 4766669666, lastis, 634.

9466466966 96 446666 14666666, 269.

9466, praesul 3464666646, 346.

94646666, cangiliuro del 6666666 (buado, 26,
no. .

9696649466, 6966664466 96 Asso, 733.
6696664966, advocatus 96646966, 994.
9696649466, cancellarius, 949, 664. 2.
9696649646, 6666646666 Aquensis, 733.
9696649466, comas 96 4666666666, 396.
6696464966, comes 96 spanheim, 296.
6646464966, (6666666666 episeopus, 646, 644,
664. 4, 929, 634, 664. 4, 632, 343, 376, 377,
394, 392, 399 64 664. 4.

9696464966 96 9666664646, 295.

9696664966, seu Golsridus, 666 9644464966 96
4166664666, sau 4466664666, sau 44664666, 666
446664666, sau 446646, 436, 664. 4, 492, 636,
662, 694, 766, 993.

9696464466 96 8644666, 466446, 634.

9696649646 96 7646669666, lestis, 734.

9696666666 96 466, 466446, 396.

96666966, 4466646666 spiscopus, 792.

96466966 96 4446464666, 466446, 247.

96464966, comas, 396.

66164966 96 966646 9666666, imperialis 666466
judex, 373, 332, 333749. 66664966.

9664966 96 74444666, 466446, 636, 633, 672.

9646 96 966666, 436.

9646466466 episcopus. 749. 0666666466.

4466466466 96 K 6666644666. 749. 96646666, 646.

9646164966, 66666 46 66696464, 344.

9646664966, archidiaconus llsrbipolausis, 767.

auersum 6466 9644666966 96 3466696646 siat
64666666, eomes 6666664666, 6, las, rsa,
436 64 664. 4, 433, 439, 664. 4, 247 64664. 4,
236, 267, 664. 4, 642, 664. 2, 734, 742, 743.

96464966, burgravius, 346.

96464966, comes 9666646466, 333.

9694664966, nepos cunradi, 239.

Grauia, Parmensis 664666666, 693, 699, 946,
666, sss, 664.

0664464464, Pislorieusis episcopm, 528,529,5³0,
97964664. 4.

9664466646, abbas burgi S. 66664464, 44.

4466666466, abbas S. salvatoris 64 6. 446666 96
7464616, 669.

9666664446, 666644 Theodori 94666666 66694696,
476, 699.

6666664666, 664666666 4664666, 243·

Grsqmus 714, papa, 64664664. 4.

9666664666 IX, papa, 693, 664. 4, 694, 664. 4,
332, 664. 6749. 446466 slva 4466644666.

&osorius 96 S. Geminium, 479.

9666664666 4446466666 (i), 946466 6666, 24 4.

964466, 324.

orimum, 66466466, 329.

4444644466 96 4444646, 629, 624.

ulula, balar 96 669466 96669466466666, 644.

9664966696, abbatissa 6666646644 S. Andreas 46
44666666, 669, 669.

9664466966, judex, 66664666 66666646 66666646,
994, nob 2.

9664666966 96 7466644 , 479.

Gaulo, 666644 llartini presbyter 6669466446, pa·
666 legatus, 493, 499, 699, 639.

9664466466, imperialis aulae macellarius, 949
64 664. 2.

9664466466, Parnassia episeopus, 494, 492.

9664466466 96 4466666. 769. 96446464, 646.

9664466466 96 9666666, 42.

9664466466, sau 4764466466, sau Wullsrus 96
Palm, 6466 96 Pulsus-iu, 6466 96 964666,φί-
scopus lbujauus 64 ragal Siciliae canuallarius,
postea 9966666646 episeopus, 74, 439, 494,
nol. l; 494, 294 64 664. 4, 264, nol. l; 276,
ur, 666, sas, 666, nor. r; 666 unos 6.

4466466666 96446 Tum, 934.

9666466966. 749. Gallorur 96 366666.

Guarinus , abbas monasterii 6 laurentii 96
Aversa, 323, 324, 326.

 

