INDEX 6080444444 6808888848446. 4069

4666464. md. 44446646.

46446 486 46446 (monasterium do)‚791.

4646446, 828, 482, 664. 8; 784, 766, 866, 882,
888, 886, 464, 646.

46468646, 846.

4644644, 874. .

46466468 8448 4646444, 262 64664. 4.

4644446, 874.

4648664464, 874.

Avensa, 848, 48, 644, 664. 2.

4684666644 6666448466, 868, 664. 8.

AwffiQffifflmm

46444666, 884.

46446, 688.

464466, 888.

46646446, 28.

4444644, 444.

4446668, 84.

8644466444, 884.

8666644 6884844646, 264.

8ω6466668, 66.

86864446, 824.

4644646, 444.

8646446444 866 8644644664, 846 84 664. 64 844.

Mon, 868.

8646464664, 848, 664. 6,· 846.

8646666664468, 846.

8646646, 26.

86464448, 4688466886 (portus 444262 84 6647.

864664468, 8.

8646646 sivo 86486468, 28, 267.

8646668 44 464446, 86.

864464, 686.

8646444644 648, 876.

8648486668, 824.

8644664, 267.

8646468, 848, 446, 674.

864444 , 26. ,

866668, 446.

8646646468, 648, 664 6.

8444646446, 24, 48.

8646444646 sive 8644444446, 62 64 664. 4.

8644446446, 866 44 664. 4.

8644644668, 86.

8644464, 8.

864468, 482.

86444686, 482.

864646446644 braida, 848.

86468, 446, 444, 478 84 664.4; 484, 824, 844,
848, 848.

8644446, 848, 847, 882.

86444466, 82, 878.

8644446646, 474, 887.

8644464444, 784, 786, 744.

8644446484, 82.

864466466 866 86446464, 648 64 664. 4.

864466468, 666.

6644446446, 442.

86468, 482.

86644468, sive 844 8666, sive 44 84664444,
282 84664. 8.

8668666446, 845.

8666446, 786.

8646668, 848. ,
· 846464 4464464 46 8484864664 coenobium, 872.
846464 4464464 46 8644446 coenobium, 678.
846464 4464464 46 06446644 6686664448, 784,

846446486444 6886664, 484.
84644 4446484444 44 44644 ecclesia ,746Ι

’ 84444446, 688.

8446466, 848.

’ 84464668 seu 8646646, 876 84 6644.

8444644486. vid 6846844866.

³ 84664, 488.

84446444, 48.
8444444, 446.
8444446488, 874. ·

‘ 8484666686.

84464464, 846.

’ 8466464 48664, 844.

84664468, 248, 664. 2. ,

8464444668 466 8444444668,846 44664. 6.
8846464666 4464464 886 8464646468, 86, 268.
84664 464444, 24, 84.

844644, 688.
84444, 864.

: 8444686888, 822.

844466644484488646866444884684446868.
8444466, 8. -

’ nemum 4466448,468,484,466,664.4;844,

848, 846, 886, 884, 848, 844, 848.
84468644 6666446468 8686816846, 844

1 84 664. 4.

8644446 seu 8644444, 626, 664. 2; 828, 824, 888. .’ 84444 (stagnum de). Vid.Loom’o (stagnum 484. ·

4466, 84.

844446 monasterium, 866.

 

