INDEX LOGORUM GEOGRAPHIGUS. 1067

66616661, 867, 868.
66616166, 11.
66616166, 21.
6616 sylva, 96.

66166616, 96.

661616, 117, 862.

6616111666, 916.

66161661 jardinum, 867.

661196, 82. .

661166, 916.

6611696111, 81.

Gallianum, 60.

66161116 seu 6611166, 660 61661. 1.

666661616661, 60.

6666666166, 18.

6616661116, 660.

6666161616, 62.

1166616111, 816.

66166 (castrum (16), 86.

661161 claustrum, 868.

6661161166, 196, 201, 208, 209 61661. 1; 210,
211, 216, 276, 276, 918, 661. 6,· 916.

66616616, 868.

66116116, 80.

661616, 810.

6661166661, 618.

66616666, 61.

6611661, 916.

66661661, 620.

666166666,666661616611,666 6611161666108
61661. 1; 767.

6661116, 688.

6116616666, 898, 898.

6611611166, 907.

6611616, 21, 18.

6666166666 monasterium, 812.

666616, 616.

66166166 seu 6616161,660 61661. 8.

6666, 61.

6666666666, 6116 66616666111661, 6116 1161166-
11661, 229 61 661. 6.

6616666116 661666 insula, 898, 661. 2.

66161611· 666666,18.

66166616. vid. 1166616116.

6661661 666 61666661, 68 61 661. 6.

6616, 688.

6111166661, 21.

61616. vid. 1616.

61166616, 118.

6111661, 871.

61666161 seu 6166166161, 619, 661. 1.

61616. vid. 166.

61166666, 899, 906.

6166611661, 808, 801.

6166166661 seu 6166166661, 66661661. 8.

6166161616, 62.

616166, 619.

61666 flumen, 516.

66116, 611.

66616616 6616116166, 16.

6616661666, 816. ·

6611666616,197, 198 61661.1; 168, 921, 661. 1.

6661161111 61116, 66666661661116-661-11616116,
189, 192 61661. 1.

6661666666161.

66196616 insula, 21.

6611661· castrum, 68.

6616, 819.

66116116 seu 666161, 671, 672, 768, 776, 817,
819, 868, 888.

6616166611, 816.

6611611616, 18.

6166116116, 918, 661. 6.

61696666, 916.

6166616166, 619.

ammom, 616.

61666161, 868.

6166966666, 60.

6161196111 grangia, 668.

6161161116, 919.

6161161169, 881.

61666661, 871.

61666, 182.

6166116166. 26.

61661616. vid. 6611661.

6119666661, 61.

61666666, 26.

6161111661, 916.

61616616 0161166661 seu 0616666691661661. 1.

6161666616, 96.

6161661616, 178,179.

61666666, 26.

6166161661, 616.

611619. vid. 816196.

666666, 611, 666.

6661161166, 260.

6661166, 268.

6611666116 vallis, 618.

 

