totto ittosx Loconttt ouoontottlcos

44444444 sou 4444444, 496.

4444444444, 946.

4444444444 domus, 648.

44444444 seu 44444444, 457, 444. 4, oto, 948,
not. t , 544, uot. 9, 5654444444, 568, 649,
mmmmmmmm

4444444444 comitatus, 46.

44444444, 445.

4444444444, 655.

444444444. th. 844444 Petri 44 94554444 moute.

4444444, 655.

4444444444 sivo 4444444444. vid. formum.

4444444444. Vid. 4444444444.

44444444, 449.

4444444 civitas, 446, 569, 644, 644, uot. 4,

44444444 vullis, 94.

4444444449 comitatus, 46, 944, 567.

4444444444, 68.

44444444, 845.

44444444. vio. Foooooitt'uot.

Fioooleooio comitatus, 46, 667.

4444444444444, 794.

4494444444, 946.

4494444, 674.

44444444, 946.

4444444444, 946.

4444444444 do), 946.

4444444, 94.

4444444444. vid. Foooooitt‘om.

4444444444 sivo 4444444444, 94.

4444444, 599.

44444444, 564.

4444444444, 545.

44444444, 659.

44444444, 859.

44444 castrum, 48.

444444, 545.

444444 64444444 do S. 444444, 649.

Florem sou Florio monostou'um, 456, 964, 964,
sommo. .

Florentio, 94, 95, 98, 99.

Florentinum sou Fermtiomo, 77, 78 ot uot. 4,
79, 444, not. 4, otu, not. ⁴; 327, 444, oso,
994, 994, 994, 996, 999, 946, 944, 944, 945,
946, 947, 948 ot not. t; 546, uot. 4, 595, 685,
755, not. 4; 444, om, 444, oto, not. 4.

449944, sou 44944, sou Foooo, 494, 497, 479,
uot. 4, 964 et not. 9, 499, uot. 4, 478, 479,

484, 489, 484, 486, 487, 489, 494, 546, 597.
594, not. t; 677, 678, 684, 684, 684, 685,
689, 694, 694, 694, tot, 695, 696, 697, 698.

Folio (44444444 do), 644.

4444444444 svau-nomon, 66, 89, 94, 447.

fonto 44444444 maurium, 467.

4444444444 monsterium, 658.

444444444οή4 oomitatm, 684, 689, 684.

4444444, 44.

4444444444, 94.

rm, 64.

4444444444, 874.

mmmmmwmmmmfflmt

Foeoiioot, 49.

umatum, 649.

4444444444, 494.

Fossatum Novom, 649.

4444444, 974, not 4, 986, 449, 444, 449, 649.

4444444444, 544.

4444444444444, 544.

4444444444, sou 4444444444, 4444444444-
44444, sou 4444444444, sou Froeuwurm.
99, 444. 4 457, 459 494, 494, 589, uot. 4,
744, 744, 749, 744, ’749, 744, 746, 764, 769.
795, 796, 798, 944, 844, 845, 854, nott:
mmmmomomfflmmm
959, 954.

4444444444, 446.

4444444444 4444444444, 467.

4444444, 267.

4449454444, 54.

444444 seu 4444444, 744 ot not. 4, 749, 759.

444444444444, 848.

4444444444, 898, 899.

444444, 94.

444444, 540.

4444444 castrum, 49.

4444444444, 446, not. t.

44444444, 69.

4444444444, 445, 446, 679.

44444, 744, 749.

4444444, 64.

sonuum, 544, not. 4.

4444444, 549.

444444, 64.

Fuscum, 945.

4444444444444, 987, oot. 4.

6444444, 599.

 

