4664 INDEX LOCORUM oaoonnofflcos

6664466664 664446, 666.

66446, 69.

664 64 Poaao. vid. 664444 446464.
6646666446, 66.

6646446, 64.

66446 644644, 494, 496.

0644664444 , 44.

6644666444, 64.

6666464644, 49.

Collina sou 6644446 (castellum 66), 69 ol 4494. 6.
664444 Paloi , 99, 96 64 664. 4.
6644446664, 949. 446. 6644464644.

canna, 46, 444, 444, 664, 646, 646, ooo,

997, 969, 464. 4.
6646646464, 474.

Columba 46664 Placentinum (mansionum 66),

6646646444, 464.

664444664, 649.

comaclensis comitatus, 46, 649.
6644664644, 446.

666466 (4441466), 664.

66444444 villa, 46.

664466464664 666 6644464, 649 64 464. 4; 666.
6646444646, 946.

6444664646, 44.

6644646444, 44.

concon, 96.

666646646666416, 644.

66414644 (6664464466), 664.
66466444, 64.

confluentio, 749, 744.
664464644, 66.

66446, 644, 646 64 664. 4.
66446646, 744.

6644464446, 49, 499, 949, 464. 4; 946, 949.
66446 (664646 66), 464.
6444466946664666464644.
corbeia, 994.

6646444, 44.

Corolia, 64.

6646444444, 64.

664444 6666646444, 669 64 664. 9.
6646644646 (castrum 66), 674.
6644644 666446, 794.

6644466 castrum, 44, 49.
6644464644, 69.

0666464646 (44446 66),64.
664466644, 466.

66446444, 674.

6664644464 666644466464, 649 64 464. 9.

6644464444, 96.

6444464 466644, 44.

6464464644, 467.

66464446, 946.

6446644444, 469.

corvinam, 499.

644444, 666, 664. 4.

6664644646, 96.

6644664644, 96.

cenomanicam.

Gallonio, 96.

6644644. vid. 4464446464.

6644644644, 649.

6644646666 6644644464, 664 64 nol» l; 964, 666,
667, 969, 474, 949, 664. 4,· 947.

arao 666 64666444, 969 64664. 4.

646444, 794, 744, 749.

64646644, 466 64 664. 4; 646, 649, 649, 699,
664 64 664. 4, 644 64 not. 4; ooo, 646, 646.

646446464444 cominius, 96, 946.

6646644666 44466, 646.

6466664, 744.

6466444444 capella, 96.

6446466666, 646.

64466646, 64.

omnm 96.

64646. vid. 66446444.

6464, 474; loono 64464, 946.

6466444644, 649. ·

64464446 (mugio 66), 946, nol. a‚· 946.

6664444644 64666 44464444, 66.

66644644 malrum, 664.

6666446464, 446.

Gallina. vid. 66444446.

6644464644, 466 66444, 6644 66444444 46444, 444,
649, 669.

6444666, 496, 494 64 noi l; 644 ,649

6664644646, 946, 947.

664444446 (valio 66), 474.

4466644644, 64.

6664444446, 474.

copon, 46.

cnon, 974, 664. 6.

664444 linior, 946. .

664444 6666464 mugio, 666.

6666646646 coenobium, 964.

66464444, 449, 449, 464, 999, 999, 994, 694.

 

