1084 inflex 1408416614.

666666666666,

41666166, cemes, 494.

41666466, eomes 86146666 seu logen, 791, 798.

41666166, comes de 86166, 894.

41666166, comes de Degsburg, 999.

44666166, eomes de 1466664616, 896.

41666466, nomes 86 11636616, 669.

44966166, comes 9666466616, 494.

41666466, eomes de 6611666666 seu 86146416·
burg, 879, 889, 886.

,44666166 86 8666646, comes, 688.

41666466, coines de 846461, 699.

41666466 86 8466666 seu Stouse, 698.

41666466, comes 86 76661, 964.

41666466, comes de Urlemunde, 898 64 661. 8.

41666166, dux 46366166, 766.

41666466, 866 86666166, 668, 669, 666, 666,
wfflmfflwfflmstffiffiwffi
fflmffiwffimffim

41666466, 8616166616 666 1164646666 episcopus,
memnmfflmmfflffimn
844, 861, 669, 864, 666, 676.

41666466, livoniensis spiscopus, 689, 686, 866.

41666166, Tridentinus episeopus, 16 Tuscia ls-
66166, 49, 47, 49, 89, 98, 98, 69, 68, 68, 68,
666666ω6ω6ω6
488, 879, 889, 899, 896, 899, 997, 948, 948,
6ῌ666Μ666666,
mmmmm.

41666466, filius 116166164 86 Saxo, 498, 488, 489.
944 .

41666464, filius Wellhsri 86 langenberch, 166-
116, 894.

41666466, judex, 688.

44666466, marchio, 11.

41666166, praefectus 86 4186666666, 789.

41666466, imperialis 66166 66646666466166, 494,
519, 568.

41666166 86 446611, testis, 868.

41166166 86 46664616, 466116, 668.

41666466 86 416666, 816.

41666466 86 1166466,166416, 779.

,41666466 86 46166, lestis, 444.

41666466 86 Εω669666666ρ669, 794.

41666166 86 666666866666666, testis, 789.

41666166 86 446666666666, 668.

,41666466 86 44616, 799, 791.

41666166 86 4666664646, 994.

41666466 86 446646 46646, 78.

41666466 de 4446666666, 868, 889.

41666466 86 086, 799.

,44666466 86 44666, 846.

,41666166 86 4466666669, lestis, 898.

41666166 desistentem, 166416, 469, 664. 1.
41666466 86 Summos, 166416, 794.

,41666466 86 1466668646, 16416, 788.

41666466 46666, lestis, 788, 846.
44666466 6646664466, 166116, 788.
,41666166 4664666646, legum 866466, 64 6.
,41666166 6468666616 86 timrei, 798.
41666166 86641666, 166416, 898.

41666466 84666466, judex 666166 146816666ιεί6,
449.

,4164666 86 4164661146, 166416, 999.

44666664 vnn noemenias, gns, 896, nol 4.

,4186666466 sive 4864666466, spani-ins 6664661666
Massiliensis, 999, 998.

448666684666, 466166 marchionis Esiensis, 447.

44816686, Sancti cesarii Arelatensis 6466641666,
967, 494.

4186666681661. 1118. 6866666866.

,41866666 seu 44861666, episeopus Cephalensis
sis. 11184466861666.

41866666, noterius, 889.

4161668644696446, 99, 94, 96, 98.

4466666666, nomes, 849, nol 4.

Alexander 444, pape, 749, 744.

,4166646866 86 4644666466, impetisse Calabriae
justitiarius, 649, 689, 688.

Mendes 4466666, judex 6411611, 688.

414664, lilio iohanne (sic), 166116, 986.

,41466466 Cervam, 166416, 946.

41666866, ministerialis 86616 novinae, 676.

44661816 86 44666196, 845.

4461664666, abbas 866641 866661 86 (lesse, 46,
48, 47.

,41666666 86 44646, 789, 799, 798.

4161666616466666, 987.

46668666, 46641666 episeopus, 699, 649.

46668666,81166Το66661166661416 8646668166, 699.

,46664166 8666466666 86 1164116661, 868.

4666466466, dominus 8661116416949, 664. 6,· 947.

4664666, 4666166666 episeopus, 478, 479, 476.

Amicus, 141166 866161666τί1, 61666466, 946.

4661666866, judex, 987.

46686666, 86666616 66661661666666, 948, 969 64
664. 4, 948, 947, 948.

 

