4040 · lnnsll 8044484444.

80004404 111, 0008, 7, 58, 88, 79, 80, 84, 88,
94, 004. 4; 98, 408, 409, 448, 48584004. 4;
488, 489, 448, 448, 004. 4; 490, 800, 808,

· 880, 884, 880, 888, 887, 004. 4ς 840, 878,
874, 888, 888, 848, 004. 4; 847, 848, 887,
004. 4; 878, 878 04004. 4; 884, 885, 004. 4;
894, 895, 898, 409, 487 84 004. 8; 489, 498,
mmwwmmmmmu
888, 844, 858, 588, 888, 808, 888, 848,
mnffimfflmnmsmn
708, 740 04 004. 8; 748, 744, 748, 780, 788,
88884004. 4; 888, 004. 8; 884, 908, 949 04
mmmmmm

8040444, 8044448080 episeopus 4400044004, 040.

80444 04804440, 8404401. 4440. 88044008 0480440.

11040, dux llersnias. 41400440, dux 440480400.

8040, 0844008 404004840τί8 8440044οἰ ll , 888.

80844404. vid. 41044404.

8000 8440 800014008, Ostiensis avellanensis
episeopus, 4004400000 80048 legatus (008488
Gisgonis lx), 8, 48, 440, 488, 484, 487,
489, 448, 448 04004. 4; 878, 889.

8000, 8040840080 80088, 898, 807, 888, 889,
QOmmmmmm
788, 785, 788, 004 4; 848, 848, 880.

8000, abbas 0008440444 S. 41444444 00 Ravenna,

8000, Arelatensis 0004804800ρο8, 878, 480,
484, 488, 478, 475, 478, 477, 484, 488.

8000, 000408 00 4480804004, 848.

8000, 000408 palatinus 00 8040040, 895.

84400, decanus capuanus, 878.

8000, leodiensis 0048044008, 488, 789, 744,748,
744, 848.

8000 800 4140, Numburgensis 8048400044, 888 04
004. 0.

11000,4’04044400848 004800004. 440. 80044004, 840.

8000, 404, 444.

8000. sacristanus 04008400 Massiliensis, 800.

8000 00 180400, 408448, 584.

8000 04 10444004, 408448, 770, 774.

84400 14044004, 4004044404 Massiliensis, 884,
4404. 8.

8004044404οο. . .., 438.

804044000440008004000848 0004804400008,489,

ildebrandus 8044400444, lestis, 448, 004. 4.

ildefonsus, 000408 Ρ404400408, 884.

1404040000, 408448, 888.

8040400004, 000408 0048440444 00 Tua, 478,
479 04 004. 4.

lamudam, 40040480480444, 800.

1040444444 04801400, 408448, 474.

1044000404, 04044804 0044404040 80444408, 880,
004. 8.

10044004οι444 08 0004004, 848.

1000404404111, 0808, 800, 988.

1404000400, 0404 4404400004 0444004000 8800-
&mue

10044004 04 8044404, 780.

14084440 04844400, nlla 48044 8400804004004,
uxor 4008444048, 444, 444, sss, 444, sss 84
mnmmmmmme

140, 8048000044 verdunensis, 0044 illidonensis,
800 venesensis, 8044 verdensis, 898, 848,
440, 444 si 40. 8,· 444, noi, 4004.

1., fidelis imperatoris, 807.

1., praepostus 4800400844, 748, 749.

100080 04 Anien, 987.

104000 8000404440, 987.

1040004, 0004040444 040408, Andriae 000408, 898
04 004. 4.

1000004, sebonensis sen senonensis 00000040,
mmmmm.

10000444, 4444400444 0048000444 , 008400 88008004
nonensem, 444, not. 4; 444, 444, 444,
ωο000οῌ00οῌ0
04 004. 4, 944, 988.

1000804,’4“8044000848 0048000444, 8, 40, 47, 004. 4;
nmffimfflmsffimffla
fflMMQfflmeffifflmn
mmmmmmfflffiffl.

incolumnis 4000000444 418044οω00880, 884.

1000008, nepes 8484004404 00 80000 Romana.

1000004, 0404000404 S. 400044 40 Hanno, 407
04 004. 4.

1000004 400 100004004044444400010, 84408 G. ja·
040448 84440 00044444 1040444444, 874, 878.

10000444 04 800040 ses 800440, 00484408 444408-
448448, 897, 444.

1000004 04 1484440444, 4440404440 B. 44044440 Ca·
0040000848, 894.

1040004 04004040044004, 00484404, 440.

1000404 08 0040040, nolas-ins, 94, 488.

00000444 04 140040, 89.

10000400480004084044400, enm 400444, 4,

 

