10³6 INDEX 6044464644.

6464444444 44 honorem, 444444, 474.

6444446444 44 Preciano, 486.

6444446444 do 94444444, Bononiensis 44444444,
84, 488, 484.

6444644444 dn 6444444444, 484, not. 4.

(4444446444 44 8464444464. 6446444444, 444.

6444644444 44 74444, imperialis onrinn 44444444,

6444446444 44 vinno, impen'nlin 444444 judex,
498, 444. 9.

6464444444 6444444444, 486.

6444644444 4444444444, notorius 44444 polonii,

6464444444 vivaldus 7644444, 687, 688, 689,
744, 746.

cois H 64444, 994. vio. 64444 44 44444444.

4444444444 44 6464, imperialis 444444 44444488,
444. 4, 496, 497, 498, 644, 444. 4.

6444444444 donoro, 69.

6444444444 Hono, 984.

6444444444, 6644644446 opiscopus, 999.

6444444444 6444444, notato, 984.

6444446444 de 4444444, potestas 4444444444, 947,
444. 4. vio. 64444444.

4444444444, comen 44 6444446444, 444 044444-
6444, sno 0444446444, seu 04444446444, non
0444464444, 669, 667, 669 44444. 4,· 664,
mmm

6444444444 nou 6444444444, 444 6446444444,
44ρί444 44 46444444684444, 444 6464464444, oon
Wolfnnbiittnl‚ 444 74444446444444, 984, 948,
444. 4, 978, 974 44 444. 4, 988, 986, 987, 988,
mmmmmmm

Gntfrodno 44 6444444444. vid. Gotofn‘dnu, 444.

6., 4444444444, 789.

6., milen 44 Custordingnn, 768.

6., nobilis 44 4464446443, 994.

6., ,4444444444 domus hospitalis 7644446444444444
44 4444444444, 884.

6., praepositus 444444444 Hnmmnnbnngnnnio,
988.

H.. praepositus S. Stnphnni in Habinnam, 779.

H. 44 64444444, 444444, 769.

H. 44 64644449, 444444, 768.

H. 44 8444446444449, 444444, 884.

H. 44 64444τῇ46444, 444444, 846.

nomm

6444444444 44 64444494, nivo 44444444, 4444
6444444444, 988.

6444444444 44 0464464449, 784.

6444444444 44 6444444444, 784.

6444444444 444 4444444444, 444444, 888.

6444444444 do schamtona, 784.

6444444444 onon 44 4444446449, 444444, 868.

6444444444 44444444, 786.

644444444444 4444444444, 64464444464 44644-
pus, 466, 696, 948, 949 44 444. 4 44 9, 998,
444. 8, 994, 444. 4, 989, 444. 4.

nannum, 44444444 vilingen 444 64444444,
mmmwmmmmm
894, 994, 948.

6444444444, 4444444 44 Kibnng, 849.

nortmannos, 444444 44 wirzenburg 4444464464-
bono, 787, 878.

6444444444 do 444444444444444, 784.

Horomedon 44 644944, 444444, 694.

6444444444 44 4444444444, 444444, 769.

neronom 444 6444464444 do 6444446444, 444·
nmm

6444444644, 6444444444 44464444444444, 684.

6444444444 sivo 6444444444 do 6444446444, mgb
444 44444444, 444, 469, 859, 868.

6464644444. vid. 6444444444 4444 6644444444.

Hector, abbans. 6444444444 Noniano, 486.

6444444444 44 644444οὸ4446, 444444, 779.

64444644, 46644 44 6444444444, 884.

6444444444, 46644 (4444444444444, 798.

6444444444 non Honorino, 6444644444444444449464
ffiwfflmm

6444444444, camerarios 44 6664644644, 784.

6444444444 non 64444444, comos 44 dnobus Pon·
tibus 444 44 Gnminoponto, 996, 768, 848.

64446444, 444444 44 6644444444, sino 66644444,
sivo 6444444444, nivo 6464444444, nino 64444-
mmmmmmmmm
mmmmmmmmm
mmfflm

6444444444, nonnos 44 6444646446 nivo (444444-
mwmffln

6444444444 nou 6444444444, nomen 44 644444-
64446 son 44 6444446444, 864, 848.

6444444444, nomon 44 64444444, 996.

6444444444, comeo 44 Monte, 4444444 dunis 44 Lin-
bnng Wnlrnmi, 866, 869, 444. 4.

6444444444 444 64444444, nonnos 44 4444444444 nno
644444, 996, 748, 797.

6444444444, 444444 44 0444446444, nosos, 846.

6444444444, comos 44 sonno, 996.

 

