INDEX LOCOMUM GEOGRAPHIGUS. lort

Munatio, 649.

446644646646, 494, 664. 4.

4666666466 domno, 648.

44664646, 764, aot. 4.

4466666466, 947, not. a.

4464644666, 96, 96.

Mantua sou Maatoa, 644, 644, 644 64 464. 4;
646, 676, 764, 744, 746, 946, 947, 949, 946,

4466466666 territorium, 646.

44646666, 494, 466.

Marotioa, 66, 66.

Maria. vid. 44646446.

Marcianum, 468.

44646446, 699, 646, 766, 744, 749, 964, 999.

44646446 silva, 96.

4464466666 666 4464466666, 464, 64 664. 6.

Mariua, 947. ·

Marianon, 474.

Maritimae 664466, 79, 86.

Mariana 466 44644664, 744 64 664. 4.

4464466666, 96.

Martia, 86.

44646646 braida, 649.

Maiora, 446.
44646664, 764.

41644644, 64.

4464466666, 464.

446444 46446, 644.

Marso, 94.

44666664, 794.

446444, 44.

Martiarum, 979.

Martiaa, 949.

4464466666, 466.

4464644446. Vid. 4444444446.

Martanum, 469.

Maturata, 666.

4464466466, 666.

Massa, 49, 44, 64, 99, 494, aot. 4; 946.

4466466 castrum, 44.

446646646446, 674, 679.

Massilia 666 4464464446, 466, 464, 464, 499,
966, 964, 964, 484, 466, 496, 687, 666, 989,
746.

4466446466 466 4464466466, 6. 66 64 not. 6.

Marsonia rivus, 669.

Maturo, 476.

4464684448, 468.

4464644444 tarra siro 6646446466, 466, 448, 466.

Marii· vallis, 9.

446446646, 486.

Mataei , 666.

Matta fatua, 646.

446646, 484.

Mauri oasa, 496.

4464666464 castrum 64664466, 48.

4466666446 ourtis, 446.

4466646644 valiis, 464, 464. 4.

4464446, 699.

4464664664, 846.

Medicina, 448, 676, not. 4.

4444464666641666, 646.

Madia 46 4664666 46 ,4646 (rivolus 46), 649.

Mediolanum, 644, 646, ota 64 664. 4; 669, 676,
764, 744, 746, 947, 946, 947, 948, 949.

46464666, 946.

4464446646, 846.

Moizaauttaia, 646.

44646446, 96.

Melita, sivo 446464, sivo 44646446, 666 4464646,
94,664.4; 469, 4986464. 46 996, 697 64 664.4;
464, 469, 944.

44646664, 946. ’

Matio, 864. ‚ .

Militiam, 946.

Malao, 464.

4466646664 466 4466666666, 764.

4466666666, 974.

44646446 (curtis 46), 446.

4466444466 castrum. 944. atauo 66644646.

4466464466, 496, 464, 468, 469, 446, 444, 449,
446, 476, 476.

4464644466, 449.

Mercurio, 644, 676.

44646646 (collis 46), 494.

44646446446664446, 446.

4646666666 castrum, 644.

44646644664 46446, 87, 89, 466, 466, 497.

Mero, 666.

446466644646, 964, 966.

Marlaria, 448.

4464466466, 46.

44644666, 666 4464466,66644664466, 666 64664. 8.

Mora, 498, 446, 449, 446.

4464664466, 66.

Mesate, 666.

44664666, 478, 486, 494, 484, 489, 494, not. t;

 

