10³8 lunen Noniuuu.

7777777767,77767767 de Wartboren seu wollinensi,
776 76 667. 7.

777677777, dux niustriae, 666.

7777777777, dux Bounswioeneis 67 57766776, 676,
673, 636, 636, 637, 633, 766, 766, 766, 863,
863 67667. 6.

7776777777, 3767676776 episeopus, 766, 633, 733,
oumfflffiumumumun
633, 667, 667, 763, 766, 363, 376, 866, 337,

77677777, Bononiensis episcopus, 67, 63, 63,
uumuuufflmn

7776777777, 3667676676 episcopus, 663, 663, 333.

7776777777, Constaniiensie episeopus, 37 3, 366,
336, 386.

7776776777, comenensis episcopus, 666.

7777777767, 7667766676 episeopus, 666.

7776777777, Mantuanus episeopus, 66, 63, 76,
eufflfflmumufflumm

7776777777 sou 7777677777, mediolanensis 776777-
episcopus, 766, 663, 686, 663, 663, 666, 666,
sufflffimufflumuffiffiu
666, 676, 636.

7776777777 6667777777677,6676767666,676666’66
mutiensis, sive wormaciensis episeopus, 766,
umumfflmumfflmufflu
667. o,· 663, 667 66666. o,· 663, 666, 666,
umufflfflmufflumum,
umummwumfflmuw,
omnmo

7777777767, iilius 76676 Eminentius, 373.

7777777767, 67766 Guercii, munninio 3776676, 6677,
uma

7776777777, 777777 ecelesiae S. 6777776 valiis 76-
saphet, 736.

7776777777, iretur 76677777 76 vienne, 677, 636,
633.

7776777777, impensior, 77, 66, 33, 663.

7777777777 77 , imperator, 763, 763, 766, 603,
umu

7776777777 777, impensior, 76, 676, 667. 6; 667,
mumu

7777777777 7 V, impensior, ii, 673, 676 67 666. 6,
666, 667, 663, 676.

7776777777 V, imperator, 366, 666, 636.

7776777777 VI, impensior, 77, 66, 67, 66, 36, 33,
666666666666
33, 773 66 667. 7·, 763, 763, 767, 767, 773,
786, 733, 737, 636, 636, 737, 667, 666, 676,

666, 767, 777, 776, 767, 777, 776, 777, 777,
666, 666, 777, 7766 7ς 636, 663, 663, 663,
mmmemmmffl
wmmmmmmmffi
mumummmummmu
776, 777, 368, 366, 336, 633, 636, 337, 363,
666. 7,· 376, 363.

uenum, seo 7777677777, 766 7777677777, 7777-
676767 coquinae 77 7767666766, 666, 776, 766,
summme

7777777777, 6767667677 66767776 , 7777 de 66676,
6766 de Audesne, sino 667767, 73, 66 77 666. 6 ;
mammen

Bourienos, 76776676 76 iiurgnn, 6777 Borgowe,
mummumumfflmu

7777777777, marchio 76 Corneio, 633.

7776777777, 6776677667, 663, 663.

7777777677, 66677766 7676677666, 366, 766, 666.

7777777777, pincerne, 676.

6777776777 777, rex Angiiao, 376, 666. 7; 377,
776, 767, 766, nee u 667. 7; 667, 777, 777,
333, 666. 6; 366367 67667. 7, 6; 376.

7776777777, rexcypri, 677.

7777777777 7, Romanorum nex, 736, 736, 737,
736, 666. 6.

7776777777 777, Romanorum nex, iiiios 77776-
7777 ll, 667, 636, 666. 6, 633, 666, 633, 366,
mmwnmmfflmffl
mnuunmuffuunmfflu
mummmfflmumfflmuu
636, 677, 663, 676, 773, 773 66 seq. pm'm.

7776777777 77 6767777776 677777777777, iestis, 377.

7777777777 77 66767777, presbyter, 367.

7776776777 676676677666 77 mmsis, 776
676, 667 66666. 7.

7777776777 77 67777997, 776776, 676.

777677677 seu 7777677777 77 nascuncuntur
domus Thoutouioorum, 766, 766.

7777777777 77 7766777776, testis, 773.

7777777677 666 7777677777 77 6766777666 Lou-
wmwmmmmmmu
366.

7777777777 77 777776 seu 777777, 67677767, 663,

7776777777 77 666666 666 77 Hominis, 738 77
667. o. vio. 7777677777, 666766 77 666676.

7776777777 77 776777, magisterjustitierius impe
777776 667777, 366, 667. 6; 366, 667. 7, 378,
373, 333, 736, 733, 666. 7, 766, 737, 636,

 

