INDEX 4040444444 GEOGRAPHIGUS.

Ronoosorollum, 96.

4444444444, 845.

1444444444, 845.

44444444, 64.

44444444, 475.

4444444444, 443.

444444 mons, 446.

4444444444, 353, 354, 365, 356.

4444444444, 64.

nota, 544, 545. vid. 44444.

44445444, 874.

44449444, 845.

4444444 44444444, 55.

44444444 monasterium, 545, 546, 547, 444. 4.

4444444444, 734.

44445 seu 44444, 754, 763, 754.

4444444 444444, 476.

4444444444 444444, 43.

4445444444, 64,

44454444, 493.

4414444 444 44494444 9444594444 castellum, 64
44 444. 9.

Rufina, 64.

4494445449 444 4494454444, 844.

4444444444, 586.

4444454444, 804.

444444, 555.

4444444444, 446.

amm, 444.

44494444· castollum. vid. Ruffim'.

Ruptum, 449.

4444444, 45.

4444444444, 766.

44444, 94.

84444. 444. 84444.

8454444444 episcopatus 4444444444, 73 44 444. 4.

8454444, 740, 444. 4.

8444444, 867.

8444444444τί44, 96.

8494444444 (monasterium 44), 474, 475 44 444. 4;
444, 444.

84444 fluvius, 463, 464 44 444. 4.

4444444444, 444, 444.

84444 444444. vid. 8444444 4444444444.

8444444, 95.

844444 (monasterium 44), 754, 834, 444. 4.

8444444· principatus, 388.

4444444,444,4ο44;444,444,444,444,444,

444, 444, 444, 444, 444, 444, 444 et not. 4.

84444444, 448.

844444444, 490, 494, 870, 874.

8444444444, 946.

8444444 castrum, 476, 477 .

84444 44 44444444, 64 8.

8444444444, 443.

8444444444 marchionatus, 936.

Samma, 444.

8444444444, seu 8445444444, seu 84444444,
443 44 444. 4.

84444444 flumen, 045.

8444444444, 533.

8445444444, 64.

8444444444, 454, 444. 4.

844444 ,494444 44 844444 494444, diversi in
regno Neapolitano loci, 434, 435, 475, 468,
438, 440, 443, 445, 948.

844444 4445444 44 04944444, 440.

844444 4445444 44 ormo, 440.

844444 4444444444, 344, 943, 444. 4,· 946.

844444 04449444, 474.

844444 444444 (4444444444 44), 933, 444. 4.

844444 cmm Fontis 44444444, 936, 937, 939.

844444 44444 44 89444444, 940.

844444 44444, 643.

844444 444444, 64.

844444 4444944444, 946.

844444 444444, 943, 444. 4.

844444 444444 44 44444444, 499.

844444 444444 44 Adra, 493.

844444 444444 44 4444444, 344.

844444 444444 44 444444, 493.

844444 44444444 0444444444, 94.

844444 444444 44 4444444444, 493.

844444 444444 44 0444494444, 493.

844444 444444 de 84944, 344.

844444 444444 44 Pertunda, 440.

844444 444444 do 44444, 640. =

844444 444444 44 4444, 449.

844444 444444 44 84544444, 346.

844444 444444 44844444, 494, 444. 4.

844444 444444 44 7444444, 345.

844444 444444 44 4444444444, 04.

8444444444424444 4444464444655 44 444. 4.

844444 444444 4444444444· , 480.

844444444444 44 45444, 346.

844444 444444 44 64444, 344.

844444 444444 44 84544444, 935.

844444 444444 44 744554, 568.

 

