INDEX LOCORUM GEOGRAPHICUS.

44000 800044 4400440044, 207. ¹ 4400400004, 62.
44000 Sancti Iohannis, 349, 320 04004. 4; 324, 44000000044000, 234, 004. 4.

322, 327. 440040εέ04000 (0000040 de), 43.
44000 Sancti 40404, 267. 44οο4000044 , 62.

44000 Tuber, 633. 44004ου00040, 60.

44000 7000004, 24. 400400044ναί0 (castrum 00), 43, 44.
44000 444004, 363, 354. 44004400400000, 43.

44000 Viridis, 24, 43. 44004400ὶὶ004, 432.

44000 440040, 346. 44οο4404000. vid. 444004004οτ0.
44οο0040400, 60. 4400440400, 62.

4400400000, 943, 004. 0. Vid. Mmtabmm. 4400440040, 06.

440040900οα, 440. ⁴ 4400440 caballarii castrum, 26.
44004040, 02. 440044044040040 monasteriumdao.

44004040, 64. 4400440 44090440 ecclesia, 460, 240, 264, 004. 4.
.440040000.4’44.44004040000. 4400404400,946.

440040 40 000040, 62. 44οο4004040, 443.
440040 40 Fracta (0004044000 (40), 60. 4400000004, 43.
440040400, 269. 44000004, 02.
440040 440040, 24, 004. 2. 44000 fluvius, 646.
440040 omia, 62. 440το4400, 94.

440040 40 0004000, 60. normis (004440 de), 264.
440040 San Giovanm'. vid. 44004 8. 10400040. 440000000000, 622.

44οο4000040, 26. 440040000000000 44004000000,37,64 04 004. a.
4400400440, 26. nonin, 660.
4004040440, 60. 4400004000, 490.
4400000000, 26. · 44000440, 433, 432.
0004040040, 040. 4404000 8000444004οἑ (400000), 370.
4400404000000, 62. 4404444400000,60.
44004ορ0000 (castra 40), 44. 4400444000, 03, 004. 4.
4400090000, 43. Mugilanum, 496, 407, 490.
4400090024, 62. 44090000, 432.
444004οᾐ0040 (matrum (40), 374. 4404044000, 940.
4400ῑο40040, 26. 4404000000, 046, 004. 0.
440040400000, 26. 44046004, 246, 247.
44000440040000044,00 mmmmm, 00 440400, 962.
4400444400004, 64304004. 4. 4444400000 sivo 4404440000, 230, 760, 770, 774.

44οο4000040, 26. 440400 stagnum, 076.
44οο4000004οο, 26. 44040, 363.

4400404000004004, 43. 440νο04, 474.

4400400000οη 00040040400000, 64 04004. 0. 4400004040ρί0,474.

44004000ωο, 642, 643. 440000 Caldus, 474.

440040040τί00, 34. 44000040404040040, 474.
44οο0000044, 64. 4400400004, 565.

44οο40044 castrum, 44. 44000004 (cultura de), 943, 004. 0,· 946.
4400400040, 200. 4400000000, 64.

4400400004. vid. 44000 nonius. 4400000004, 223.

44004000400400, 62. 44004ον40000, 664, 662.

4400400000000,404. Mutarum,0asale seu granciasmcu· Stephani 60

,4400400000 silva, 640. Nemore, 524, 622, 043, 004. 0,· 047.
llam-2. 1³5

 

