1086 INDEX Loconun GEoGRAPfflcus

999 99 999. 7; 977 99 999. 9; 999, 999, 999,
799, 999, 697, 699, 699, 696, 999. 9; 699,
697, 679, 697, 699, 699, 696, 696, 697, 699,
ffimfflmffimmmm
799, 796, 797, 799, 799, 776, 776, 999, 999,

7999997999, 699, 999. 9.

7999799, 699.

7999797999 seu Tarvisium, 699, 676, 676, 799,
779, 779, 996, 997, 999.

769999, 699, 697, 999. 9.

76999999, 99, 967.

7699796999, 99.

76999999, 977, 979.

Thessalonicam regnum, 996, 999. 9.

7699999797779799999979.

7679997979, 997.

76996799. vid. 79967999.

7699999999 seu 79999999, 769, 766, 996, 999.
7699979. vid. 799979.

- 7769979 flumen, 96, 99, 999. 9; 79, 999. 9.
77699, sivo Tiburtum, 9799 796999, 79, 999. 7;

79, 76 99 999. 9; 79, 77, 999, 999. 9.
77979, 669.
77999999 mons, 99.
7799999779, 699.
7777999979, 666, 999. 9.
7997969999, 696.
79977799, 976.
rojam, 99.
7997797999, 699.
799979, 799.
7999999. vid. Dertona.
799999 do 97979999, 969.
vorum sindonis, 999.
7996999 seu 799699, 669 99 999. 7.
799799, 969, 999. 9.
7997997999, 77, 969, 999.
7997997999 Mosam, 799, 997. 7.
mauricium vadum ‚ 999.
7999999799, 967.
7999999799, 799.
7999999 vadum, 999, 999.
7999976799 79999, 799.
7999999, 99, not. 9; 997, 999, 999, 999, 997.
79999979, 69.
7999799979 laem, 79.
77999779, 99.
79999779 castrum, 79.

7999999, 696, 697.

7999999 fluvius, 679, 699.

mmmm, 696, 697, 699.

7996799 vallis, 976.

779699 seu 7996999799, 969 99 999. 2.

7996997999, 69.

7799799979, 99.

79999977 , 99.

mmmm 7999999999, 996999, noh 9; 975,
967, 999.9; 969, 969, 966, 999. 9.

7999 Sancti, 699, 799.

79999679, 69.

mumolum, 96.

7999797. vid. Tarvisium.

79997977 marchia, 966.

monstrauit 9979999999, 969.

7996997999, 699, 999. 9; 979, 976, 976, 977,
999, 999.

7999996996, 979.

7979999769 (9999797979), 999.

79799979, 976.

797999 capitum tenimentum, 969.

79797979. vid. Tarvisium.

79797999, 969, 799.

79797999, 976.

stoja, seu 79999, 999 79979, 997, 999. 7; 999,
999, 999, 999, 999, 996, 999, 676, 676, 699,
999. 9; 999.

799997 vanis, 969.

799999, 999, 999. 9; 979.

7999979979 7779999979, 967.

79999999, 969.

799999 hospitale, 99.

7997799979 civitas, 779.

7799999999, 696.

7999999, 976.

796799 97979996977, rivus, 669.

7999797999 seu 7799967999, 999, 999, 999, 999,

797999, 999, 996, 996.

7997679, 99.

7997799979 comitatus, 799.

7977999, 999, 999, 977, 979, 979.

79969, 669.

7999999699, 997.

79969779 (villa 69), 796.

7999999999. vid. 76999999.

799999, 99.

7999799999, 9 99.

 

