14448 mnu 50501441 5805188815ῐί

804040, 49.

m, 498, 499 0444084, 594, 004. 4, mm,
mfflmmmm

84404444· domus, 847.

metandum 8094444044, 954, 959 anot 4.

8404444444 m 4444444444 munitatu, 445, 445.

4444444044. vid. mmm.

84940444, 979, 974, 4404. 4, 445, 445, 449, m,
445, 444, 449, 448, 445.

4440044404, 484.

4444454444, 559.

844050444οο44, 845.

&mamm monasterium, 585.

mulum, 59,

nm 8044044404, 488, 4404. 4.

8444044444. 8540444

8004440404, 545.

nm castrum, 94.

flevere, 445.

85444400 440 85400404, 755, 755.

8544018444 400 8404444044, 544, 858, 854.

8544404, 997, 978, 979, 999, 994, 579, 004. 4,
758, 759, 759, 859, 857, 899, 4404. 4.

4444444044, 59.

8440044444, 54, 59.

8445444445, 595, 595.

8444444, 755.

8440, 855, 855.

84944040 (rivus (40), 947.

8454044504, 554.

4444444440, 54.

8444044044, 484.

84444004 foresta, 484.

8404405044, 54.

444044 aa 8044040 8045440 bucha, 549.

444440 44404400, 44.

84004 castrum, 884, 889.

8440400400440, 44.

8444004040444, 48.

844004044404, 84.

8444440444, 58.

84004084 , 59.

84004404004, 845.

8400440, 945.

4444044044, 945.

8400404044 seu 8400404544, 95, 445.

8404 50400440444 0044444444, 84.Ι

8404000, 559.

8404448050, 498.

man, 945.

mn 8440414, wama.

mamm, 886488.

laufredum&

mumma

80404804044,98.

844044084440,59.

mmm, 88.

80444 Mn, 959, ΰ4,959

80044 Bm, 94.

80404804044ωο84044,949,ιι8,859.

mm, 44.

80000 4444004444, 88,957.

80000504450444, 489.

maalmam, 009 4.

mlum 4444 80444 Ham, 948 d
mxmumffiuss

mmmmm.

m 44444484, 454, 449.

4004080444044404404,99.

nmoemmz

80004440 4440 80044484, 497, 49404404. 4, 499,
9989958404 4, 498,999.

80484555.

80045440, 59.

mae 00444440, 548.

8045084404444, 999.

numiam.

8040444404,757.

808404· 0044484404,445.

80444440 (apella 444), 445.

80444, 588.

notemus, 548.

stammam, 548.

804... (4444444444 do), 874.

5500540444450848
49, 94, not. 9, 87, 49, 44, 49, 59, 4404. 4,
ωω4ωωωωωψ4
not. 4, 585, 585, 745, not 4 049, 949, 999,

ammaum, 495,οα 4, 598.

8044004040,ωο804004444040,4004000040,400
80440440, 54,58044404.4,75,449,485,487,
498, 499, not 4, 955, 555, 004. 9, 549, 798,
795, 749, 748, 984, 989.

4404444440,59.

804454400οΜ, 95.

mamas.
444044, 44, 444.

 

