leel illesi llolnllllll.

7677666, 666.

76766776 77 7666666, 666, 666.

767666967776, provisor 6676776676 sem,
666, 667. 6.

7776766766 76 7777676 76 76676, 667. ·

7779767777, primicerius 6667667776 S. 7777776 76
Nuceria, 677.

ryme 77 776766667776676, 766.

77677766, lilius 7776976677, 766776, 666.

7777777666, poteslas Bononiae, 677.

7767776 77 7767776776, 667.

7766776 7769677776, 667676, 666.

7766776 86776, 666.

77677776, eomes 76 &seo Neve, 6, 77, 76 67
667. 7.

66676776 Novaria, 676, 667. 7.

7776777667, 6666676766, 766, 666.

7796, 6766666666 66666. 777. 77696, 676.

7796, consobrinus ligonis de (76676676, 666.

7796 76 7767676676, 666.

“ 7796 76 6767666676, 776, noel.

7796 76 77676, 666.

7796 76 saeclo 76776, 666.

779676 7676677667, 776.

7796 77667666, jurisperito, 666.

79677666, comes, 7696777666 fidelis, 666.

779677666, de 766766 eomes, 776, 667. 7.

7796776776 seu 7796, vercellensis 6976669776, 666,
677, 666, 667, 666.

7796776776, lilius vicecomitis 76 7367697176, 776.

779677666 seu 77696 76 7677666 76 767676, eomes
ilemenielee, 76 67 667. 7; 766, 766, 766 67
667. 7; 677 67667. 7.

[79677666 7766676676, 96766766 6777377776, 666,
667, 666.

[79677666 769666777, poteslas 77676777, 76.

7796776 76 86667667, 776.

7796766, eomes, imperatoris 7776776, 666.

79677666776766676, 66, 67, 66, 66.

7796777766 76 77697776, 66, 67, 66, 36.

7777677666, abbas 7696666676, 666, 666.

77777767, abbas seneli 776717, 666, 677, 667,
666, 667, 666, 666, 666, 667, 676.

77777667, castellanus de 86667667669, 767, 766.

7777666, comes de 69966, 666.

77777666, 667666 76 776777667θί6 seu ilelieeslein,
676, 666.

77777667, comes de Luneburg seu 7666666677,
llll.

6676776776οΗ676,66777676777777176,76776
77777676, seu de 77776, 6777, 677, 676.

uweffl dflvhu, m·

77777676 eeu 7777677676, hasiensis 6977669776,
666666666666
76, 77, vesosem, 777 esse. l; 766,
mfflfflmmmmms

77777676, ministerialis 76676 17777766, 676.

77777676, nolui-s 7696, 667, 666, 676, 666.

77777666, 9776966776 76 16776966, 767, 666,

77777666, 97666976· 76777766, 667.

77777676 76 7769676766, luis, 767.

elneus 77 mmm, 676, 667.

77777676 76 6697767677, lestis, 666.

7777767676 7777776, 766776, 676

77777667 6677 76777676 77 7776666666 seu 7777-
senem, 6676667676, 766. 666, 676, 666.

· 6766667666676676667.

77777677 76 7777769677, 767.

77777676 lisama, 766777, 767.

77777676 76 777776 667 776777, eumerius, 676,
666, 666, 666. -

77777666 6676, 776.

77777666 7766766676, lestis, 666

7777666676, civis 66666676, 766.

7767667776, 667.

7767777776 77696766, dicius 66666, 677.

77776676 76 7767777676, 666667. 6.

777676, 667666777676, 676.

77766, 6969666666 episeopus, 676.

77776, 77767 76676 7777776676, 767.

7676776977, 766, 767. 6.

76776766, saebonensis major praepositus

7676777776, 7797767. 777. 7767666776, 7697767.

7667776, nepos 077666177 76 7767796766, 676.

7769777776. 777. 07676766 777.

7776, comes 76 7777677676, 666.

77776766 76 7777977676 76 76776776, 96766776
779766676, 666.

7767667676, 7777776 7696777666, 67.

7767666, cognominato 779666, 6677776, 666.

7776666776, 766, 767 67 667. 6.

76777776, depiles de 87779679, 676.

767967666, eomes de 6667666679, 776.

7677967676, 66976767 demus 76777766 77777677 76
7776677, 666.

76777777, cemes 76 7777666676, 666.

 

