INDEX Locolum GEOGRAPHICUS. 1087

744444444 fons, 323.

7444444444, 64.

Turris villa, 95.

744444 44444444444, 783.

Turris Palatii, 434, 436, 436.

444444 844444444 , 484.

rursiam, 474, 472.

7444444, 62.

444444, sive rum, 4444 74444444, 38, 44, 44,
64, 66, 63, 79, 80, 99, not. 2; 406, 446, 422,
426, 427, 442, 248, not. 4; 960, not. 2; 426,
not. 4; 670, 674 44 4444.4; 673, 686, 686, 939.

4444444444 4444 4444444444, 449, 420.

7994444444), 846.

Tum, 626, not. 2.

4444444944 seu 4444444944, 736, 764, 762, 794,

44944444 provincia, 867.

4444944444, 43.

444444 seu Ulm, 627, not. 4;749, 720, 796, 736,
749, 748, 762, 764, 764, 766, 846, 827, 828,
829, 836, 884 44 not. 4 44 2; 836, 836, 837,
878, 879, 884, 883, 906, 908.

4444444444, 368.

4444444, 744.

0494444444, 846.

&audolmansum 28.

0494444444 4444944444, 443, 646.

44494444 4444 44494444 ossuum, 28 44 not. 4.

4444, 846.

Urbana, 448.

0444444444, 629.

Urbs. vid. 444444.

Urbs Vetus, 429.

4444444, 660.

444444 seu 4444444444, 794.

0444444444, 646.

444444, 646.

44449449 seu 44449444 monasterium, 888, 889.

44444, 744.

4446444444, 24.

44444444 (stagnum 44), 368.

4494444444, 644

4444444444, 268.

44444, 744.

44444444, 96.

44444444, 744.

744449444444444, 66.

4444444444, 946.

44444444, 432.

444444 castrum, 34.

444444 Salva, 666.

4444440444444, ssu 4444444444, ssu 4444444444
castrum, 844, 836 44 not. 4.

4446444444, 96.

4444444444444444 monasten'um, 686, 687.

4449444444, 64.

4444 seu 44444, 649 44 not. 4.

44444, 63.

44944444 comitatus, 370.

4444444, 482.

4444444444 episcopatus, 368.

4444444444), 846.

4444444444 de 0444 castellum, 62.

7444444444, 872.

44444, 49, 22.

449444, 26.

44944, 806.

4444444, 73, not. 4.

44444444 (capellada), 446.

Vena, 268.

Venafrum 4444 Venafro, 243, 244, 246, 247,248
44 not. 2; 269. ’

44444444 seu 4444944, 202, 934.

44444444, 370.

44444444 (lacus 44), 474.

4444444444, seu 44444444, seu 44444444, 69, 642,

, 640, 646, 676, 704, 742, 743, 926, 927, 929.

444444 ssu 4744444, 348, not. ⁴3 866, 867, 868.

444444, 348, not. 4.

4444444044, 646.

74444 (curtis 44), 946.

444444, 66, not. 4) 93, 96, 98240, 244 44 44444,
242, 642, 640, 646, 676, 704, 742, 743, 928,
929, 944, not. 4.

444444444444444444444, 66, 66, 94, 96, 446.

4444444, 4444 444444, 4444 44444444, 78, not. 4;
236, 236, 237, 238, 239, 240, 242, 320, 4444,
603, not. 4.

4444444444, 64.

4494944444, 64.

4444444444, 96.

Veteris 4444444 abbatia, 867.

44444444, 946.

Via 44444444, 484.

44444944 ssu 4444499444, 469, 47044444. 4.

44444444, 642, 646, 676, 704, 742, 743, 926,
927, 929.

 

