1082 lnnnx LOCORUM Gnoonnnfflcus

844444 84444444 44 Sanctae 4444444 44 144444-
4444 casale, 449.

Sanni 8444444444 nilla, 974.

Sanan· 7444444444 4444444, 997.

Sanni 44444444 grangia, 949, not. 4,· 949.

8444444 7444444 hospitale, 99.

844444 44444444 casalo, 449.

Sanan 7444444 nasale, 499.

Sancti 4444444 4444444444 4444444444, 999,

844444 Vin· 44 Portu capella, 99.

Senon· Zenonis nonasterium 44 4444444444, 99, 94,
&nnn

8444444 144494 (molendinum de), 947.

Sancto Panlo (4444444444 44), 949, not 4.

844444 8444444444 (curtis 44), 449.

sanan 8444444444 (curtis (44), 449.

844444 244444 44 44444. 944. Sonent Zeno 44
44444444.

8444444444 4444444 44 Iohannis hospitale, 794.

8444444444 Petri 44 Pauli 44 4444444444 444444-
terium, 999.

Sanctorum 84444444 44144444 hospitale, 794.

84444444 4444444, 449 nt not. 4 .

Sanan Amans, 94 .

8444444 4444444, 999.

· 84444444 ,4444444 44 9444444444, 949.

snmus Annnninn 44 Tarento, 949.

8444444 4494444, 499, 499.

samen 4444444 44 narba 344444 (Y), 499.
9444444 ,4444444 44 Murano monasterium, 499,
8444444 ,4444444 44 9444444444 44 44444444,
Sanctus ,44444444 44 nonnanis, 999.

8444444 4444444444, 9, not. ⁴3 474, 474.
Sanctus 44444444, 499.

8444444 9444444444, 99.

8444444 44444444, 999, 949.

Sanctus 9444444 44 Salvia, 499,

Sanctus Cassianus, 949.

8444444 04444444, 979.

Sanctus onorius 44 44444444, 997.

Sanctus 04444444 44 94444444, 499.

8444444 04444444 44 Paterno, 994.

8444444 94444444 44 744444444, 99.

sanans 0444444444, 649.

84444444 nonianus, 268.

8444444 9444444 44 94444444, 999,

84444444 44444444 44 4444, 94.

wmwmnn

8444444 Epidius 44 omnin, 999.

Sanctus 4444444444 4444444 9444444, 449.

Sonans 4444444444, 449.

84444444 4444444444, 949, not. 4,· 949.

Sanetus 44444444, 94.

84444444 4444444444, 497.

Samen Fortunatus 44 ennae, 999.

sanans 9444444444, 99.

8444444 94444444 neu 8446444444, 974, 979 et
not. 4.

Sancti& 94444444, 449, 999, 949, not. 4.

sonans 4444444444, 99 44 not. 4; 99, 94, 499,
nn, 444, 444, 444, 444, 444, 444, nn, 444,
444 et not. 4; 444, 444, 444, nn, 444, 444,
nmn

8444444 4444444444, 94, 99.

Sanctus 44449444 44 44444444, 449.

8444444 44449444 44 4444444944, 949, non 4,·

84444441444444 44444444 , 499.

Sanctus 44444444, 99.

84444444 44444444 444 04444444, 499.

sannen 4444444 n 44444444, 444.

Samen 44944444 444 Gra, 979.

Sanctus 14444444 44 Pannonis, 499.

8444414444444 44 Vento, 499.

Sanctus ,44444444 44 4444444, 499.

9444144444 44 044444, 999.

sanctu· 44444444 44 444444, 499.

8444444 14444444 44 44444444, 997.

844444414444444 444444444, 494, 499.

sanan 4444444444, 94, 999.

Sanetus Laurentius 44 44444444, 499.

944444 no, 444, 444.

94444444 44444444, 99.

9444444 44444444, 949, not. 4 ,· 949, 947.

Sanctus 4444444444, 94.

sanans 4444444444, 494, 499.

8444444 Martinus, 499, 949, not n.

8444444 4444444444 44 0444444, 699.

8444444 4444444444 44 84444, 449.

8444444 44444444 44 44444, 979.

Sanctus 4444444444, 99, 429.

Sanctus 41444444 44 64444444, 992.

ωωωωωμωω

sanctus Maurus 44 Nom, 99.

sanctus 44444444, 999.

 

