INDEX NOMINUM. · lom

3664464496 669 3664494496 4644669644 669 4469644,
469, 769, 763, 794.

3664464496 46 4466646, 466446, 889.

3664464496 46 4466966, 466446, 469.

366464496, Nuwenburgensis episcopus, 584.

366464496 46 4466465669, 46696644 legatus, 656.

366464496 46 44649646 669 44669664, testis, 759,

3664644666 46 7966644, 669 46 7666666646, 669
3666666644, frater domus Teutonicorum, 857,
853, 664. 4; 839, 999.

366464496, comes de 4469, 396.

3946669646 46444696, 466446, 899 64 994. 9.

3664666 466444, 993.

3664666496, Trauensis archiepiscopus, 494, 495,

3664666496 4946666496, 666466 Massiliae, 399.

3664666496 3666664666, testis, 393.

3664666466 Dalmatius, testis, 393.

3664666496 4499646696, rector Massiliae, 399.

3664666496 866496, testis, 683.

366494496 46 466696, 466446, 359, 964. 9.

34666466 dn 44666696, 944, 964. 9.

3449664696 46 4466666666, testis, 887.

3966696496, 396.

3646 46 4466656664, 636, 637, 639, 639.

3646 46 3656669969, fidelis imperatoris, 499,
493, 765, 766.

39666966496 46 3649946446 46 Cane, pisanorum
potestas, 94.

3666666646, judice, 995.

3666466649 Tucciae, testis, 359, 664. 9.

36644496 46 Votooolcnnus, villanus, 394.

3664466466, 436.

3664 66496, 666666 46 Civilella, 479.

3664466496 Dum 46 96666646, 646.’

3664466496, marchio, 44, 563.

3664466496, marchio savonae, 664.

3664 66496, monachus S. iohannis heremitarum,
399.

3664466496 46 4669944446, 639.

3664466466 46 Μο6464666649, lilius marchionis
wilhelmi, 496, 994. 4; 549, 694. 9.

3664492496 Bononiensis, potestas Senensis, 359,
no. .

Bonifatius Tommnsiurloiti, testis, 359, 964. 9.
36696, abbas Matinae, 339.

Bonan, Pistoriensis episcopus, 699.
3669646666, Cepudaquensis episcopus, 464, 475.

3669646666 46 364646, 96496496 imperialia, 443.

36696 4446946466, 694466, 394.

36996 669 Puppe, eomesde llenneberg, seu lien·
uiberc, 669 3669699666, 694, 695, 736, 787,
344, 848, 394.

3666, Arelatensis comes, 379.

366664646666 3646449 44 4666466644 , 994.

3666696496 46 4466664946, 466446, 393.

3664944666, imperialis 9964496, 656.

36464496, levita, 894.

364946446 di 3466696, 939.

369966449 46 444646, 996.

366666, beatus, 949, 976.

36966, abbas monasterii S. Florae, 947, 943.

36966, 4446966646 episcopus, 934.

36666496 96445696, 669466 Massiliae, 399.

3949666396, comes, imperatoris fidelis, 669.

3966666666 9666646, 999.

3966669666 3666666646, giudice, 993. ,

3996699446 36964, lestis, 594, not. 9.

396666496, cancellarius, 563.

396666496, 6964696996 46 Magdeburg, 669.

396666496 669 3966466496 46 4464469966, 669
44665966, 669 3646659664, 736, 759, 754,
666, 666, 666.

396666496 669 3966466466 46 44669646 666 416-Ι
4669649. tostis, 759, 333.

3966664666 669 3966466466 46 3666669666, 466446,
759, 388.

3966666496 463694649666, 845.

3966466496, burgravius da Owerenvorde, 793.

3966466496, 66666646 Waltingerode, 534.

3966466496, lilius sculteti Friderici, 349.

3666466496, lecheburgensis praepositus, 739.

3966466496 46 64666646, 345.

3966466496 46 3696649966, miles, 849.

3966466496 4466666666 669 46 96669666. burgen-
sis in llallis, 849 et 664. 4.

39646649646 4494469996, testie, 399.

G„ dapifer de Walpurg. vid. Euercrdns, 646.

0., 446496 ll. 46 3664669696466, 769.

3., Famagustanus episcopus, postea Salernita-
nus archiepiscopus, 593 64 964. 4.

9., 9666966996 majoris eeclesiae 49 llildeshoim,
sao, 696.

G. 46 846466, 466446, 769, 763.

9. 46 4366666646, 4449644664, 769.

966664664644, filii judaei Samuel, 365.

0666664696 66466696, 466446, 947, 964. 4.

 

