1076 mnu Loconuu Gssocnavfflcus

4444010044, 50. 44044440, 443.

44440 4444040, 453, 303, 304. 4404444444, 50.

44440 44440444, 353. 4444444044, 353, 044 4.
mamm. 4444 numm.

444444, 344. 44444444, 434.

44444440, 440. 4444444444, 44.

4444444444, 34. nummu 44444404.

4444044444, 34. 44444444, 44.

444444444440, 44. 4444444444, 430.

paravolam. 44044444.

4444440, 44. Plumbaria, ’450
40440444440404444444444, 55544404. 44. 4404544444, 347.

44444 444440 tenimentum, 335. 4444444444. Vri. 4444441444.

44444 44 44044448444044440 (0004040400- 4044, 34.

nomm), 453, 454. 4404404, 545.

Pavidum, 44, 54. 4444444 54444444, 440 304444, sive 544444,
4444444044444044444, 54 04404. 4. 37, 33, 33, 33, 404. 4, 333.
44414444. vid. 4044444. mmmm 4040004440, 54 444044.
454404, 445, 447, 444,404 4. 4444044 40404444, 54.

44404044, 533. 4044444 44444444, 50.

44044400. vid. 4400444440. 4444444 4404444, 43.
mmmm, 664· 444444444 0004440440, 557.

Pam, 44. maiano, 44.

44044040. vid. 4444044444. 40404444 4444444444, 73, 404. 4.
4440444404 44),435. 4044044004, 54.

martam. 4040440444.

4444440444, 445. 4044444440οω4444444404.774804444444444444
444444 44944044, 453. 444444 444444 0044440400.

44440 (0044440440 44). vid. 8444444Ι 44440444 44 40444444, 440404444444, 4444 4444444444, 343, 343,
4404044044 momerium. 404. 4,· 347.

4444044444, 570. 44444444, 343, 345.

4440444444, 35. 4044044404, 543.
444494444404444444444, 44, 44, 445. humamanam 440404, 543.
4440, 33. 44444444, 54.

4444444044, 434. 4444444444, 443, 404. 4.
4444404444. Pau 0444444, 444444.

4444454444, 44. 40444 04444, 444, 540.

444444 0400, 543. 4444 444404, 44.

444444 004444, 345, 404. 4. 4444 444444044444.

44404, 43, 40, 44, 44, 43, 503. 4444 8044444, 544,404. 4.

44444444 40040404, 35. 4444 4444444444, 555, 557.
444444444044444440,34,355,337, 350,354, 44444444444444404444444,434,404.4.
540, 544, 404. 4; 544, 547, 543, 404. 4. mum, 53.

mmmm. Pmmmo.
444444,44,44,444,4044;444. mmmm.

4444444444, 54. 44444 444440, 54.

4444044444, 404444444444,44044444440, 434 44 4444044444, 355, 3444.

4423444440,444444,4044444444444. mffiwriumstw. 1

 

