INDEX 4040444447 640626961466. 4669

14444444 marchia, 946. 4444444444, 24, 49.
1444444444 sinus, 689, not. 4. 4444444444. vid. 94444 Gallica.
1444444 rivus, 267. · 4244444444. muham.
lapiqia, 999, not, 4. Lama (terra de), 449.
1444, 4444141444, sive 6441444, 264, not. 4 ; 444444 4144444, 479.
256, 267 44 not. 2; 268, 269, 266, 264 44 4444444444, 649.
not. ⁴3 269, 264, 266, 497. 444444444444, 629.
1444444444, sivo 1444444444, sou 1444444444, 44 44444 (lacus de), 474.
444, 444, 444, 444, 444, 444, 444, not. 4, 44444444, 444, 444.
496, 224, 226, 262, 294, 296, 946, 692, 697, 4444444444, 64.
656. 922, 929, 999. 4444444444, 62.
144 sivo 1444, 496, 272, 274 44 not. 4. 44 4444444444 (via de), 649.
1464, 449. 4444444 casale, 994.
14444444 ,4444444 4444444444, 66. 44 444444, 26.
14444444 Lupi 4444444, 649. 4444464444414, 946.
144444 casale, 944. 444444 seu 44444444, 445, 446, 642, 646, 676.
1444444444, 794. 764, 742, 749, 947.
14644, 699. 44444414, 907.
1444444444, 294, not. 4. 4444444444, 449.
4444444Ι 44144, 254. 444444, 96, 472.
144444 (fontana 444), 474. 44444 flumen, 486.
1444444, 649, 666. 4444444, 974.
Iustinopolis, 296. 4444444444, 648.
1444444444, 484. lavania, 946.
14414444 flumen, 676. 4444444444 via, 649.
114444444444414, 796, not. 2. 4444444444, 96.
1441446444, 846. 4444444444 portus, 29.
44444444, 599. mimium, 96.
1444444444, 869. 4444444444· strata, 649.
1444444444, 845. 4444444444, 268.
4444446444, 872. 44444, 865.
4444444464 seu 4444444464, 666 44 not. 6. mmet. vid, 4444444444.
4444444444, 645. 44644, 664, 662.
4544446444444 sive 444494644494, 267, 872. mma, 44, -
4544944444, 886. 14414ωά4411, 845.
1444444444, 669. - 44444 9444444444 (monasterium (14), 44, 49.
14444444, 845. 444444 9444444444, 44, 42.
4449464444, 846. 449444, 64.
44444441. 269, 264. 449444, 24, 49.
4444944446. vid. Kiim'qusold· 4444444444, 599.
1444444, 878. 4444444444, 744.
14444494444444, 848. 444444444ίοὶ444, 656.
44644444, 599. modium, 742 44 not. 4.
4464444444, 974. 444444 (stagnum de), 262 44 not. 4.
4446444444, 524. 444444 casalo, 945. .
444464444444, 96. 4444444444, 465, not. 2.
44444 444444, 449. 444 64444. vid. 1444444444. . . .
4464464449, 764, not. 4. 444444 (lacus de), 289, not. 2. vid. ,44444444
layo, 966. lacus. . κ

 

