1074 INDEX Loconuu GssoonAPfflcus„

6666666666, 696, 666, 665, 666, 667, 668, 669,
696, 696.

6666666666 mmmm, 666.

66666669 seu 66666666, 765, 757.

6666666666. vid. 6696666666.

Numam, 976.

Nomio, 666, not. 6.

6666666666, 69, 76, 79, 79 ,666,6,675,66ο6.6.

Nasutum, 666.

6666666666, 967.

6666666666, 6, not. 6, 96, 96, not. 6, 99, 666,
666, 666, 666, 666, 666, 666, 666, 666, 666,
QQQQQ

6666666966 seu Ν66666666, 879, 886.

6666666666, 699.

6666666666, 665.

mmmm, 966, not. 6, 969, 667, 668, 669,

6666666666, 69.

Nera, 79, not. 6.

Neruio (castrum 66), 956.

6666666 seu Neritum, 996, 897, 596 66 not. 6.

66666 flumen, 969.

6666666666. vid. Novum 6666666666.

Mamm.

6666666666 monasterium, 867.

Novom 66666666.

6666666666666,796.

66666666, 865.

Nicoma, 968, not. 6, 966.

66666666 mons, 899.

Ν666666,666.

Ν66666,968.

6666666666,966.

Novata (rivus 66), 659.

16666, 699.

Nota· castrum, 666.

6666666666 (Y), 966, 969.

Nauteam, 66.

6666666666. vid. 6666666666.

6666666666666, 876.

Ν6666666666, seu 6666666666, seu 6666666666,
seu 6666666666, seu 6666666666, 996, not. 6,
996, not. 6, 768, 769, 776, 776, 779, 775,
666, 666, 666, 666, 666, 666.

Nova villa, 666.

Novo curtis, 666, 666.

66666,96.

Novum 6666666666 seu Ν66666666666, 758, 769, 766.

6666666, 786.

66666666 66666666666666666616666666,6666666 quo
6666666666666666 6666669666,96, 666, 669,
66666666, 666, 666666, 666, 666, 666.

6666666666, 666.

Narem, 6666 Nurimum, 6666 Numen,
6666 6666666669, seu 6666666666, 6666 666666666-
bury, 6666 Noram, 6666 666τί666696, 669,
mmmmmmmmm
666, 666, 666, 666, 666, 666, 666 ot 666 6.

Nummum, 867.

66666666 , 796.

omnuim 6660666666, 968, not. 9, 958.

oum 6666 Oretum, 699 66 not. 66.

066666, 579, 697.

0666666966, 565.

0666666. vid. 066666.

0166666666, 767.

0666. vid. 06666.

0666666 (casuum 66), 976.

oubam, 669.

06666666 pamm, 669.

0666666666, 685.

0666666, 99.

0666666666, 699.

06666, 796, 795, 766.

0666666666, sive 0666666666, sivo 06666666, 695,
666, 666, 666 et not. 6, 666, 666, 665, 666,

Omnium 8666666666 666 samum 666666666-
6666666, 796.

omum, 966.

0666666666, 967.

0666666666, 699, 998.

0666966666, 66.

0666666666, 68.

Oretum. vid. Octuum.

0666666, 666, 666.

Orgia, 679, 679 66 not. 6.

0666 sou 666666, 669, 666, 696, not. 6, 999.

0666666666666, 96.

omnm, 698.

ommis, 666.

0666666666, 66. .

0666666966, 859.

0666666666 sive 0666666666, 996.

0666666666, 879.

omo, 999, not. 6.
06666666, sou 0666666669 (thumum 66), 866.

 

