INDEX Locouuu GEOGRAPHICUS. 1065

Cuuontu'uuuum 000040, 448. 00000, 843.
0044000000, 80. 000000, 907.
00400000.740.0040000. , uuum seudeEburbuuh 0000000400,774,
00040, 738. 880.
0040, 889. Eburum, 878.
00400440, 344. 440044 hospitale, 90.
0004040 sive 00004040, 4, 004. 8, 58, 83, 804 80040, 84.
04 004. 4; 803, 808, 378, 440, 004. 4, 504, 44004000, 448, 443, 488, 387, 004. 8.
004. 4; 540. Eum, 788, 783.
000000, 858. Equum-wid. 40900400.
00004004οΜ00, 878. 4840404009 seu ,4404045000 mone, 887.
0000044440, 533. 8404040, 874.
0000005000, 334, not. 4; 808, 004. 8. 8404040040οω episcopatus, 339. ·
Danubius, 848. 48400 suu 44040 flumen, 808, 004. 4; 808 04004. 4.
0000040000 sylva, 573. 4440040, 435.
0004000000, 43. 04440900 seu Elliuqiu, 338, 399 04004. 4.
00000400 0400 00000400, 830, 834. Emesa, 808.
004040, 533. Emeum, 808.
0044000, 883. Emuyuu seu 4400090040805.
0004000000) seu 0000400000ιῖ (monasterium S. 44040440, 854, 004. 8.
Sepulcri 00), 099, 834, 884. 43000 fluvius, 544.
00040040, 533. 4400400040, 850.
0000400, 85. 3040000004, 579.
0004000, 8, 84, 85 04 004. 4; 88 04 004. 4, 87, 8004004400.740..4004ω4400.
334. 48040 comitatus, 48.
000400 00040404, 484. Rufum, 933.
04004,’444. Batinum, squuliuyeu,uquzuliu9m, 508,
0400040, 94. 507 04 004. 4, 545, 884, 885, 898, 837, 305,
Dium, 858. 900.
0040004000, 948, 004. 0. 4404440040, 483.
00440000, 443. 804000, 448.
00400000 villa, 374. 4440000400, 757.
0000000004, 738, 004. 8. mortuum, 850.
Domo Pom· (monasterium 00), 584. 4444000000, 848, 847.
0000000000, 84. Eueno sive 4300000, 858 04004. 8.
0000004 (rivus 00), 947. Enseu, 533.
0000400400, 845. 4400440900. vid. 80440900.
0000000040, 834. Fabaria (monasterium 00), 437, 438.
0000000000. munau.
00000040, 80. 44090000, 438.
nouom, 784. 44044000ῐο1400, 84, 43.
0000000040 seu 0000000000, 884, 004. 4; 348, 4404900040, 58.
004. 8. 40400400 flumen, 480.
00000, 445. 4400004000 00000000 suu 4400000000, 84 04
Drepanum, 488, 943, 380, 004. 8. 004. 4.
000900 70000407408400000 44400400. Panemo territorium, 3⁴⁰·
00000, 88. Faunus 0000440400, 887.
0000, 850. 80090 (abbatia 00), 84.
0000040 0000440, 404. 80044000 flumen, 588.

400000. 434

 

