INDEX Locorum GEOGRAPHIGUS.

0969666666, 997.

06696969, 666.

omium, 966.

6966969969 mus, 666.

Padum, 666, 666, 676, 796, 766, 766, 966, 967.

6966699996 6969699699, 666. ’ ·

Padus, 96, 666, 667, 666.

Palu, 967.

muru, 66.

696969, 669.

6966996669, 666, not. 6.

69699999 campus, 96.

6966969 podium, 669.

696969, 96.

69699699 sou 66999969, 66 96 996. 9.

rmum, 66.

ramnum, 96.

6969699666 locus, 666.

Palumbum, 96.

6999966 alveus, 666.

69969969, 66.

6996996669, 666.

699966 seu 69969696, 66 96 996. j.

6996966966 silva, 699.

6999999669, 66.

69999996 seu 6996999666, 667, 666, 676, 66966,
699, 699, nor. ²3 699, 999, 999, 996, 999,
999, 999, 969, 969, murm, 996, 969, 9966,
999, 999, 999, 999, 999, 666, 699, 699, 699,
669, 676 96 not. 6, 676 96 6696. 6, 676, 676,
676, 676, 677, 676, 696, 699, 969, not. ⁴.

6996999 (grangia 69), 666.

69969999, 666.

69969999 699996, 666.

69969999 8. 6966666, 666, 666.

6996996699, 667.

rauranum, 669.

Papia, 66, 656, 666, 696, 666, 766.

69969999, 66.

69969969 9996696669, 666.

69999669 (castrum de), 676.

6996969999 monasterium, cummianus ominis,
663.

ruma, 69, 66 9, 999, 999, 999, 996, 999, 999,
999999999
323, 395939, uos et not. ⁴; 999, 969, 999, 969,

mmmm 99966699, 669.

699999, 96.

6996699, 66,

6996999699, 96.

6996999999, 96.

69699699, 666.

6966999669 (villa 69), 696, 996. 9. ’ ’
69669969 seu 696999, 666, not. ⁴3 676, 666.
696699 (monasterium de), 666, 666.
6969969699. Vid. 6669696669.
Patrimonium B. 69696, 696, 668, 666.
Paulum, 666.

ramerum, 96.

69999999, 66.

6999969999, 69.

rava, 66.

69969966 sivo 6699696966 domus, 667 96 996. 9.
69996966 castrum, 66, 66.

6999669 (castellum 69), 666.

recu, 66 6.

mmmmm 99969996, 667, 666.
69699969 do 69999969 (domus 69), 669.
mnu· 99966969, 66.

6966696999, 676.

ruma, 699, 699.

69999, 696, 696.

669996 sive 699 69999, 666 96 not. ⁴.
66966999, 666.

mmmmm, 669.

699969, 66.

6999696999, 66.

69999669, 67, 796, 766, 766.
69966999 castrum, 666.

6696699669, 667.

69969966 castrum 99996119, 676, 669, 666.
69996699, 866, 996. ⁴.

Prsarum 9966 Pisaurum, 667, not. ⁴.
6999969969 9996696669, 66. .
6999996969 territorium, 669.

69996696 do 669699, 696.

6966699669, 66.

6999969999. Vid. 6699966696 (monasterium 99).
roua, 69, 999, 969.

69699 (collis 69), 66.

6969999999, 66.

Pura 099969, 66.

69699 69969969, 66.

Pura 09999, 966.

Pura 66669969, 966.

Petra 6699, 667.

69699 69669, 966.

 

