INDEX 6060444444 660666964666 4664

4466446666, 62.

4464666· , 24.

66444666, 666.

4464446666, 646.

6666464466, 646.

1264664466, 66.

4464646666, 629.

4464446664 castum, 34.

Bam, 662, 663.

44666664 flumen, 324.

66494647, 849.

6646646 8644644 aomina· 366 66646464, 92, 426,
668, 664. 4; 644, 647, 626, 624, 622, 623,
624, 626, 629, 632, 633, 664. 4; 636, 636,
637, 638, 639, 646, 644, 644, 647, 646, 662,
663, 664, 667, 666, 666, 664, 666 64 664. 4;
876, 664. 4.

4466966446, 264, 266, 466

66666466, 24, 43, 64.

6664614, 769, 776, 774.

6644664644. vid. Poma· monasteaium.

Burawa'm’ terra, 626.

6664666666 , 767.

4466646, 26.

4446666, 645.

66666646 (castrum 46), 374.

Gabra, 633.

6646666, 9.

6644646666 curta, 666.

6666666, 26.

6646446, 268.

6646666666, 624.

Calabria, 2, 664. 4; 476, 464, 664. 4; 227, 362,

664. 4; 438, 446, 466, 497.
664646 portus, 667.
66466666, 448.
colatabuturum, 949,’926.
664646966666, 496, 497, 746, 744.
6646446466 , 264, 664. 4.
6646644666 64 Arcas, 264.
6444646666, 946.
calaum , 94.

6644666444, 446.
6646666, 434, 436.
6646666666, 64.
66446646 comitatus, 46.
664646646466, 660.
6646644664, 466.
6646666666, 25.

calvinianam, 666.

66466466 mons, 648.

6646664, 269.

Cumara, 484, 664. 4.

66664646, 926.

camiac 666 66666666, 367, 664. 4; 368 64
664. 2.

66664646 (grangia 46), 946.

66666666 sou 6666464, 629, 636, 634, 876,
694, 896 64664. 4.

66646666, 943, 664. a.

6666666666, 66.

Campam, 443.

Campania, 79, 86, 63, 443, 326, 327, 376, 376
64664. 4.

6646664466, 634.

666666 coenobium, 864.

6664646666, 34, 64.

6666446666 monasterium, 792, 793.

66664446, 24.

66666664, 366.

666664ὁ646 sive 6666646666 (abbatia 66), 63 64
664. .

Campana 4464666, 94.

6666664666, 96.

6664666666, 24.

6666666646 (cunis 66), 446.

Campam, 633.

666664 64666, 269.

666666 Imperator, 447.

666666 46464, 482. -

666666 466664, 443.

666666 Major, 266.

6646664 smum, 649. ’

66644646 seu 66646466, 766, 764.

6664646666, 464.

6646446666, 344.

6666 466666 46), 924.

66664466 6666664466 (via 46), 464.

66666666, 643.

6666666646, 62.

ammaum, 64, aa.

6664666646, 947.

6664666 flumen, 466.

666446, 268.

6666666, 368.

6666666, 96.

Gaphara, 633.

66646666, 669.

 

