INDEX

LoconuM GEOGRAPHICUS.

ψ

444444, 433.

Am (molendinum 44), 443.

amm

4444444444· mons, 33.

44444, seu 444444, seu 4444, 342, 444. 4; 433,
mmmmmmmm

4444444 (abbatia 44), 63.

mmm

444444, 24.

44444449 coenobium, 864.

44444, 448.

4444444444, 448.

44999444, 376, 733, 444. 4.

44944 civitas, 383 44 4444. 3.

444444, 264, 444. 2.

494444 seu 49444, 62 44 not. 4.

,49444444 4444 4944444. Vid. 4449444444.

49444444, 268.

494444 seu 4944 (vallis 44), 64 44 444. f.

4944444444, 24.

4944 (volta 44), 368 44 444. 4.

49444. vid. 494444.

4944444, 34.

4944944444, 222, 223.

4444444449. vid. 4444444449.

44444944, 743, 723, 747.

44444444, 237, not. 4.

4444494444 4444444444, 244 44444. 4.

4444. vid. 4444.

4444444 4444444944, 244 44 444. 4.

4444444444 4444444 , 643.

4444444, 367 44 444. 4.

4444494 sou 4464494, 683 et 4444. 4.

4464444, seu 4444444, seu 444444, 383, 444. 4.
4444444, 446..

4444444444, 263.
44444444 (abbatia 44), 62.
4444444444, 268.

11. 44444

4444444444. 744. 4444444449.

44494444, 374.

4444444444, seu 4444444444, 4444 4444444444, 2,
42, 43, 44, 39, 444. 2; 234, 224, 233, 234,
334, 432, 433 ot 444. 2) 443, 446, 473, not. 4;
4ῌ444ω444444
ωωωωω4ωωω

44444444 seu 4444444414433, 83, 436, 437.

4444444444, 344, 442, 643, 642, not. ⁴3 644,
704, 742, 743, 326, 327.

4434414444 444444 (molendinum 44), 343, not. 4,·

4444444, 468, 264.
4494444444, 368.

Alton, 24.

44444, 268, 442, 444.
4449444444, 24. “
444444 amnis, 348, not. 4.
44444444 (44444444), 462.
Alpa (4444444444 44), 63.

. Alpe 4444444, 64.

44944, 724.
44944 43444444, 63, 4444.

mmmm

, mmmm·

4444444,278.

44444449. vid. 4444444 4444444 abbatia.

4444444449, seu 4444444444, seu 4444444444, 783,
784, 343 44 not. 2.

4444444444, 844.

4444444444, 62.

444444, 873.

4444444444 sylva, 872.

44444444, 867.

4444494444, 286, 384.

4444494444 ducatus, 34 , not. ⁴; 387, 444. 2; 388.

4444944444 dioecesis, 633.

444

 

