1072 mnssx 60602611 610666661666.

666, 666, 666, 666 , 666, 666, 666, not 6,
266, 276, 272, 666, 666, 766, 966, 666, a,-
96666666. 2.

66666666, 666.

666666 sou 6666666, 692 et 666. b.

6666666666 tatum, 666, 666.

6666666666, 66.

6666666666, 66.

6666666666, 66.

666666666666, 666,

6666666. vid. Mediolanum.

6666666666, 666, 666. 6.

66666666, 676, 626, 626, 966, not. 6,· 967.

6666666666, 666.

6666666666, 666

6666666666, 666, not. 6.

66666666666, 966.

6666666666, 666, 268.

6666666666, 699 ot 666. 6,· 696.

6666666666, 226.

66666666, 666.

6666666666, 676.

66666666 (castrum 66), 676.

6666666666 (castrum 66), 66.

66666666666. vid. Manilium.

6666666666 6666 6666666666, 969, 926.

6666666666, 666.

mamm, 666.

6666666666, 666.

666666666. vid. 6669666666.

66666666, 66.

6666666666 seu 66666666, 666, 766.

66666666, 676.

6666666666, 266, 266.

66666666 comitatus, 91, not. 6; 669, 666, not. 6.

6666666, 667.

6666666666, 766, 766.

66666666 (startia 66), 666.

66666666 (camede), 626.

6666666666666, 666.

6666666666, 666, not. 6.

6666666666, 666.

666666666666, 26.

66666666, 669, not. 6.

666666666, 26.

nonum, 26.

1666666666, 967.

66666, 966.

66666 66666666, sive 66666 666666, sive 66666

66666666, nive 166666666666, in Nm-
66666666, sivo uon 666666, mmm,
66666766666,67,66,66,66,62,66
et 666. 6, 666.

Hm 6666666, 96.

Hom 66666, 26.

Hm Aquilo, 666.

16666666, 627.

umam, 66, 96, 662.

muamus, 669.

Hm Bioekn'm' , 26.

Hm 6666666, 966.

Hm 6666666, 626.

Hm 06666666, 696.

Hm 06666666, 666.

Hom 66 06666666, 26.

Nm 66666666, 66.

Hm 66666666 , 66.

66666 06666666, 662.

16666 666 Gna, 62, 666.

um 666666, 96.

666666 66666666, 66.

uon· 676666, 666, 666, 629.

666666 (96666666, 266, not. 2.

66666 66666666, 66.

66666 6666666, 66.

Nummi, 666, 666.

Hom 66666666, 266.

Hm 266666, 266, 266.

um 666666 seu 666666, 62, 966.

Hom Ham, 629.

Hm 666666 propo 6666666, 69, 26, 27, 66, 62,
66, 67, 66, 66, 62.

Hom 6666666666, 66.

66666 6666666666 6666 6666666666, 62 66 not-t

66666 66666666, 66.

Hom 6666666, 627.

Nom Pauli, 66.

Hom 6666666666, 266.

1666666666, 666. .

66666 66666666, 666, not. 2.

Hom 66 6666666666, 62.

Hm 66666666, 66.

Nom 66 666666, 66.

,66666 6666666, 6666166666, sive 6666666 jum
Sutrium, 69, 66 66 not. !; 62, 66, 66, 66, 66,
66, 67, 66, 69.

Hom 8666666666, 262, 266.

66666 86666· 666666, 662.

 

